
C#
0
G#
G
F
D
A
F#
E
A#
B
D#
120
1
92
125
110
150
140
130
98
124
108
3
90
95
176
84
94
148
122
96
118
78
100
123
143
112
136
134
93
174
104
114
105
83
107
168
180
144
131
101
2
88
80
129
135
154
91
126
117
145
30
158
6
141
170
139
"1
128
171
133
138
102
37
116
172
160
8
132
81
10
153
115
99
113
21
79
121
103
97
27
123122413
311
67
810
173
451"
170"
266
203
162
22
66
208
56
163
58
85
109
157
46
18
31
155
36
149
178
119
182
89
142
19
9
82
35
111
16
13
62
223319934
953
166
106
71
164
44
39
196
127
77
5
38
137
146
28
